n=2
shape=[2, 1]
weights=[array([[-5923.63253199, -1065.86954644,  6728.82038301]])]
