n=3
shape=[3, 1]
weights=[array([[  3474.7368466 ,  -1021.23144242, -15145.85045158,  27914.44552617]])]
